> print(emp.result.10)
             ols        rwwd      alasso       lasso
1_12 0.002363711 0.002026593 0.002021078 0.002029235
1_4  0.003938025 0.006103031 0.005703686 0.005992698
1_2  0.013163858 0.012976006 0.012682315 0.012972721
1    0.020067252 0.025430670 0.023522698 0.025145088
2    0.028887021 0.044430178 0.034900234 0.039903065
3    0.022698210 0.058498151 0.038074609 0.044911312
> print(emp.result.15)
             ols        rwwd      alasso       lasso
1_12 0.002294716 0.001717459 0.001706660 0.001715310
1_4  0.003339799 0.005426198 0.005183322 0.005408555
1_2  0.008984711 0.011974365 0.011803349 0.011796723
1    0.018705441 0.025969361 0.024308956 0.025276142
2    0.029590932 0.051698779 0.041774291 0.048960170
3    0.031736519 0.073793042 0.048716022 0.061609703
> print(emp.result.10)
             ols        rwwd      alasso       lasso
1_12 0.002363711 0.002026593 0.002021078 0.002029235
1_4  0.003938025 0.006103031 0.005703686 0.005992698
1_2  0.013163858 0.012976006 0.012682315 0.012972721
1    0.020067252 0.025430670 0.023522698 0.025145088
2    0.028887021 0.044430178 0.034900234 0.039903065
3    0.022698210 0.058498151 0.038074609 0.044911312
> print(emp.result.15)
             ols        rwwd      alasso       lasso
1_12 0.002294716 0.001717459 0.001706660 0.001715310
1_4  0.003339799 0.005426198 0.005183322 0.005408555
1_2  0.008984711 0.011974365 0.011803349 0.011796723
1    0.018705441 0.025969361 0.024308956 0.025276142
2    0.029590932 0.051698779 0.041774291 0.048960170
3    0.031736519 0.073793042 0.048716022 0.061609703
> 
