LAMBDA RATE: n ^ (1 / 2) / log(n)
> print(t(dgp2.mspe.result.df))
     alasso.mspe lasso.mspe ols.mspe oracle.mspe
40      1.458095   1.650993 1.627636    1.348044
80      1.365948   1.676116 1.294113    1.184479
160     1.228348   1.579849 1.118499    1.060011
250     1.238796   1.598444 1.080924    1.046442
500     1.211448   1.597404 1.040387    1.025107
1000    1.175224   1.599934 1.021312    1.013902
> print(dgp2.alasso.success.rate)
          [,1]   [,2]    [,3]
[1,] 0.6093333 0.4726 0.78025
[2,] 0.6495556 0.5170 0.81525
[3,] 0.6940000 0.5736 0.84450
[4,] 0.7198889 0.6026 0.86650
[5,] 0.7272222 0.6196 0.86175
[6,] 0.7610000 0.6634 0.88300
> print(dgp2.lasso.success.rate)
          [,1]   [,2]    [,3]
[1,] 0.4595556 0.0872 0.92500
[2,] 0.4712222 0.0720 0.97025
[3,] 0.4786667 0.0710 0.98825
[4,] 0.4743333 0.0642 0.98700
[5,] 0.4787778 0.0702 0.98950
[6,] 0.4818889 0.0726 0.99350
> 
> print(t(dgp3.mspe.result.df))
     alasso.mspe lasso.mspe ols.mspe oracle.mspe
40      1.442324   1.642099 1.627636    1.349725
80      1.351235   1.665066 1.294113    1.184912
160     1.219307   1.569262 1.118499    1.060039
250     1.229616   1.589640 1.080924    1.046469
500     1.201601   1.585663 1.040387    1.025114
1000    1.169813   1.587182 1.021312    1.013902
> print(dgp3.alasso.success.rate)
          [,1]   [,2]    [,3]
[1,] 0.5954444 0.4676 0.75525
[2,] 0.6394444 0.5128 0.79775
[3,] 0.6820000 0.5654 0.82775
[4,] 0.7084444 0.5946 0.85075
[5,] 0.7231111 0.6192 0.85300
[6,] 0.7631111 0.6678 0.88225
> print(dgp3.lasso.success.rate)
          [,1]   [,2]    [,3]
[1,] 0.4607778 0.1004 0.91125
[2,] 0.4730000 0.0790 0.96550
[3,] 0.4814444 0.0780 0.98575
[4,] 0.4774444 0.0702 0.98650
[5,] 0.4824444 0.0784 0.98750
[6,] 0.4853333 0.0786 0.99375